0.726827
0.857623
0.865471
0.811659
0.739910
0.679372
0.643498
0.630045
0.618834
0.589686
0.541850
0.493274
0.459641
0.431614
0.408072
0.470852
0.648352
0.739910
0.810908
0.782881
0.687590
0.599776
0.566144
0.577354
0.573621
0.530639
0.467119
0.426009
0.381166
0.355011
0.379294
0.495516
0.677455
0.728700
0.667040
0.590437
0.539989
0.520179
0.515695
0.491031
0.452164
0.422276
0.381166
0.355011
0.337926
0.414798
0.568016
0.681984
0.665168
0.627803
0.560538
0.526906
0.491401
0.482063
0.488789
0.504484
0.491401
0.482063
0.440953
0.422276
0.390504
0.375561
0.355011
0.344731
0.327354
0.352018
0.450673
0.589686
0.686099
0.690583
0.641256
0.585202
0.529148
0.493274
0.482063
0.468980
0.444697
0.407321
0.377433
0.356502
0.325112
0.304933
0.291480
0.278027
0.271300
0.320628
0.443946
0.591928
0.659193
0.636771
0.580717
0.532511
0.491031
0.463374
0.459641
0.457769
0.437220
0.412556
0.375561
0.336323
0.304933
0.291480
0.271861
0.259720
0.246637
0.276536
0.375561
0.510090
0.600897
0.596973
0.540359
0.472724
0.428812
0.396110
0.385650
0.383969
0.369955
0.338565
0.300818
0.277466
0.254114
0.235426
0.231693
0.224215
0.224215
0.298957
0.432735
0.524103
0.571749
0.639013
0.531390
0.429742
0.364350
0.336323
0.336323
0.317635
0.266256
0.196188
0.131726
0.087444
0.060538
0.056054
0.056054
0.044843
0.061659
0.208520
0.479821
0.739910
0.822870
0.724966
0.630605
0.526906
0.428251
0.366222
0.358744
0.352018
0.281872
0.224215
0.164428
0.117713
0.078475
0.058857
0.052317
0.044843
0.089686
0.241031
0.534383
0.720291
0.730942
0.645740
0.544843
0.450673
0.372197
0.340807
0.343049
0.329596
0.274664
0.196188
0.156951
0.117713
0.092489
0.059790
0.036435
0.014947
0.036435
0.208520
0.466368
0.668161
0.674888
0.589686
0.488789
0.405830
0.345291
0.343049
0.358744
0.334081
0.271300
0.186099
0.114350
0.065022
0.038117
0.026906
0.015695
0.000000
0.076607
0.349406
0.633408
0.695067
0.668161
0.560538
0.455157
0.365471
0.302691
0.286996
0.291480
0.278027
0.244395
0.188341
0.143498
0.105381
0.082960
0.067265
0.073991
0.184978
0.369955
0.585202
0.679372
0.627803
0.511211
0.417040
0.347534
0.310168
0.313901
0.308296
0.266816
0.210762
0.156951
0.115841
0.084081
0.069133
0.062780
0.156951
0.349776
0.600897
0.753363
0.738038
0.634529
0.526906
0.433487
0.364350
0.349776
0.347534
0.325112
0.282511
0.227948
0.168161
0.143498
0.121076
0.107623
0.138262
0.343049
0.589686
0.762332
0.758599
0.668161
0.566144
0.483935
0.426009
0.405830
0.397982
0.369955
0.328845
0.273543
0.226457
0.198991
0.175639
0.151345
0.140135
0.179372
0.343049
0.560538
0.769809
0.762332
0.674518
0.560538
0.483935
0.434417
0.411065
0.397982
0.367713
0.304933
0.255605
0.213004
0.179372
0.151345
0.125561
0.105381
0.134529
0.307175
0.575482
0.732433
0.652096
0.526906
0.470852
0.411065
0.373688
0.369955
0.367152
0.343049
0.280269
0.215247
0.179372
0.156951
0.145740
0.136771
0.168161
0.311099
0.549327
0.751121
0.759529
0.672646
0.547455
0.439462
0.376682
0.381166
0.392377
0.381166
0.338565
0.274664
0.205527
0.158823
0.132657
0.196188
0.478330
0.639013
0.818386
0.863229
0.792231
0.721222
0.612859
0.515695
0.433487
0.403587
0.392377
0.371827
0.322870
0.277466
0.239159
0.210202
0.190583
0.165359
0.194316
0.435348
0.635280
0.818386
0.843610
0.771300
0.670404
0.560538
0.464126
0.426009
0.414798
0.416670
0.387892
0.333520
0.274664
0.206278
0.182175
0.147612
0.134529
0.134529
0.211132
0.406390
0.663677
0.852018
0.847534
0.751121
0.637141
0.538117
0.473094
0.454036
0.451233
0.431614
0.381166
0.297085
0.241031
0.203666
0.182175
0.172646
0.149473
0.137332
0.168161
0.383038
0.619395
0.778027
0.764204
0.672646
0.571749
0.470852
0.420404
0.392377
0.381166
0.333117
0.260090
0.198061
0.138262
0.100897
0.084081
0.115841
0.313901
0.610987
0.734305
0.629675
0.476457
0.364350
0.310168
0.321379
0.310168
0.254114
0.194316
0.151345
0.128924
0.125191
0.216738
0.487668
0.743644
0.747388
0.610987
0.472724
0.392377
0.358744
0.353139
0.322870
0.280269
0.246637
0.211401
0.179372
0.151345
0.134529
0.134529
0.125191
0.193386
0.399103
0.656951
0.809417
0.780269
0.670774
0.571749
0.495516
0.441704
0.437220
0.437220
0.408072
0.367713
0.316144
0.266816
0.221973
0.183857
0.199552
0.369955
0.633408
0.833330
0.829596
0.741513
0.619395
0.522422
0.457399
0.437220
0.440953
0.423767
0.369955
0.319507
0.269058
0.230942
0.186099
0.186099
0.329596
0.569877
0.784753
0.790359
0.698800
0.571749
0.466368
0.414798
0.403587
0.403587
0.392377
0.341928
0.298206
0.248879
0.213004
0.192825
0.253363
0.457399
0.697309
0.831469
0.773543
0.683857
0.564271
0.459641
0.428812
0.422276
0.421525
0.396861
0.336323
0.269058
0.224215
0.177130
0.213004
0.343800
0.596043
0.847534
0.868834
0.777276
0.667040
0.587444
0.500751
0.459641
0.459641
0.435348
0.386771
0.330717
0.266816
0.221973
0.198991
0.233554
0.411996
0.636771
0.848285
0.863229
0.773543
0.650224
0.560538
0.484305
0.450303
0.439092
0.418531
0.358744
0.297085
0.257848
0.213004
0.199552
0.186099
0.291480
0.488789
0.781020
0.880045
0.827354
0.724215
0.607623
0.517937
0.459641
0.437220
0.434978
0.401345
0.345291
0.284753
0.248879
0.235426
0.233184
0.224215
0.289238
0.497758
0.737668
0.874439
0.827354
0.717489
0.596413
0.504484
0.444697
0.437220
0.432735
0.390135
0.325112
0.269058
0.226457
0.195067
0.170404
0.156951
0.209271
0.375561
0.618464
0.786626
0.719361
0.627803
0.553061
0.462444
0.422276
0.417601
0.426009
0.394249
0.322870
0.255605
0.204036
0.179372
0.156951
0.137332
0.147612
0.238229
0.437220
0.693195
0.804372
0.769058
0.655830
0.552130
0.466368
0.412556
0.410314
0.414798
0.384899
0.325112
0.274664
0.229821
0.201794
0.173767
0.153218
0.190583
0.369955
0.612108
0.778027
0.764574
0.672646
0.560538
0.455157
0.375561
0.358744
0.358744
0.341928
0.300818
0.244395
0.184978
0.159753
0.130796
0.123318
0.204036
0.467119
0.686099
0.743644
0.624070
0.526906
0.422276
0.358744
0.332590
0.344731
0.351267
0.300818
0.227948
0.171895
0.145740
0.123318
0.100897
0.136401
0.297085
0.522422
0.751121
0.779148
0.690583
0.576233
0.466368
0.401345
0.369955
0.381166
0.369955
0.330717
0.278027
0.233184
0.206278
0.177130
0.162556
0.306424
0.588565
0.717489
0.788487
0.717489
0.575482
0.508217
0.431614
0.392377
0.392377
0.383969
0.356502
0.300448
0.244395
0.199552
0.161435
0.145740
0.141256
0.233184
0.454036
0.678251
0.818386
0.739910
0.621076
0.511211
0.441704
0.408072
0.410314
0.403587
0.367713
0.311659
0.255605
0.210762
0.183857
0.143498
0.136771
0.262332
0.498879
0.708150
0.793722
0.680123
0.554933
0.450673
0.386771
0.375561
0.381166
0.351267
0.299888
0.248879
0.201794
0.179372
0.164428
0.159193
0.278027
0.504484
0.738038
0.787556
0.699552
0.576233
0.465247
0.396861
0.360987
0.363229
0.373688
0.345291
0.285874
0.239159
0.190583
0.159193
0.121446
0.123318
0.286996
0.533632
0.742152
0.779148
0.678251
0.582960
0.484305
0.426009
0.405830
0.403587
0.390135
0.349776
0.299888
0.246637
0.184978
0.140135
0.113980
0.190583
0.381166
0.650224
0.789238
0.714686
0.582960
0.459641
0.383038
0.336323
0.345661
0.347534
0.297085
0.246637
0.205527
0.162556
0.117713
0.096413
0.198061
0.454036
0.643498
0.775415
0.714686
0.603139
0.450673
0.363229
0.326984
0.347534
0.352018
0.313901
0.255605
0.213004
0.170404
0.125561
0.143498
0.325112
0.605381
0.773543
0.780269
0.659193
0.538117
0.401715
0.340056
0.341928
0.325112
0.256244
0.213004
0.183105
0.132657
0.123318
0.269058
0.414798
0.672646
0.814652
0.820258
0.711883
0.610987
0.476457
0.394619
0.369955
0.369955
0.358744
0.325112
0.280269
0.226457
0.170404
0.147982
0.295964
0.549327
0.782511
0.822870
0.734305
0.594170
0.473094
0.408072
0.383408
0.381166
0.351267
0.313901
0.261581
0.218610
0.181614
0.199552
0.369955
0.614350
0.807175
0.790359
0.678251
0.560538
0.459641
0.399854
0.394619
0.403587
0.377433
0.334081
0.285874
0.224215
0.188341
0.252242
0.504484
0.753363
0.868834
0.781020
0.641256
0.521300
0.431614
0.414798
0.426009
0.437220
0.405191
0.344731
0.300448
0.262332
0.242152
0.390504
0.627803
0.849776
0.905830
0.811659
0.677130
0.538117
0.456839
0.437220
0.437220
0.423767
0.373688
0.308296
0.263453
0.222343
0.239910
0.369955
0.616592
0.826794
0.864832
0.773543
0.678251
0.526906
0.434978
0.397982
0.403587
0.396861
0.351267
0.308296
0.260090
0.210762
0.154709
0.172646
0.360987
0.618834
0.807175
0.798206
0.677130
0.535874
0.417040
0.352018
0.355011
0.358744
0.310695
0.257848
0.227948
0.160684
0.125191
0.134529
0.224215
0.478330
0.709081
0.825112
0.755605
0.614350
0.475336
0.394619
0.358744
0.369955
0.363229
0.334081
0.278027
0.221973
0.177130
0.139013
0.174888
0.383408
0.634529
0.792231
0.713756
0.549327
0.403587
0.358744
0.349406
0.362478
0.336323
0.284002
0.246637
0.216738
0.190583
0.183105
0.201794
0.396110
0.658632
0.865471
0.887892
0.789238
0.659193
0.526906
0.445628
0.430493
0.426009
0.394249
0.333520
0.272791
0.231693
0.199922
0.161435
0.208520
0.421525
0.686099
0.860987
0.825112
0.728700
0.627803
0.502612
0.430493
0.409193
0.399103
0.383408
0.338565
0.286996
0.233184
0.186099
0.153218
0.156951
0.313901
0.599776
0.840807
0.852018
0.738038
0.605381
0.504484
0.423767
0.395179
0.403587
0.385650
0.343049
0.289238
0.237668
0.186099
0.150224
0.143498
0.277466
0.515695
0.803442
0.854821
0.760090
0.584832
0.459641
0.414798
0.392377
0.403587
0.385650
0.334451
0.263453
0.224215
0.171895
0.131726
0.121076
0.261581
0.540919
0.775785
0.885650
0.813901
0.681614
0.525034
0.418531
0.392377
0.392377
0.383408
0.347534
0.284753
0.233184
0.188341
0.151345
0.147982
0.274664
0.524664
0.762332
0.859496
0.773543
0.672646
0.540359
0.437220
0.405830
0.403587
0.401345
0.369955
0.313901
0.246637
0.190583
0.145740
0.132287
0.262332
0.526906
0.786996
0.857623
0.710011
0.549327
0.418531
0.383038
0.392377
0.381166
0.358744
0.310168
0.235426
0.164428
0.115841
0.179372
0.378924
0.582960
0.799697
0.827724
0.728700
0.614350
0.490471
0.412926
0.369955
0.378363
0.392377
0.369955
0.325112
0.271300
0.224215
0.193386
0.284002
0.496076
0.764204
0.878924
0.821188
0.699552
0.565022
0.473094
0.437220
0.439462
0.440022
0.419283
0.360617
0.293722
0.248879
0.260090
0.441704
0.672646
0.894619
0.968610
0.885650
0.752993
0.633408
0.551570
0.519428
0.515695
0.485796
0.434417
0.372197
0.308296
0.261581
0.286996
0.488789
0.753363
0.928251
0.896861
0.778027
0.632287
0.504484
0.441704
0.414798
0.408072
0.369955
0.313901
0.257848
0.196188
0.231693
0.472724
0.781020
0.852018
0.704406
0.517567
0.392377
0.358744
0.369955
0.340056
0.282141
0.216738
0.151345
0.216738
0.484305
0.683857
0.863229
0.870706
0.746637
0.616592
0.554933
0.437220
0.369955
0.362478
0.369955
0.363229
0.322870
0.254114
0.194316
0.149473
0.198061
0.504484
0.781020
0.803442
0.618464
0.435348
0.336323
0.332590
0.336323
0.330717
0.295213
0.257848
0.246637
0.196188
0.168161
0.139013
0.156951
0.340056
0.493274
0.754854
0.868834
0.807175
0.665919
0.520179
0.417040
0.374439
0.369955
0.373161
0.334081
0.289238
0.237668
0.188341
0.154709
0.141256
0.298206
0.569507
0.834081
0.894619
0.800448
0.665919
0.542601
0.450673
0.408072
0.403587
0.396861
0.360987
0.304933
0.246637
0.196188
0.143498
0.150224
0.338565
0.614350
0.829596
0.849776
0.753363
0.618834
0.476457
0.390135
0.369955
0.369955
0.352018
0.300448
0.244395
0.204596
0.156951
0.110235
0.095291
0.213004
0.502242
0.745516
0.813901
0.721222
0.566144
0.439092
0.341928
0.306424
0.309417
0.307175
0.280269
0.239159
0.179372
0.151345
0.104630
0.098655
0.190583
0.489540
0.734305
0.793722
0.665168
0.493274
0.374439
0.304933
0.297085
0.302691
0.295964
0.242904
0.177500
0.115841
0.091555
0.284002
0.625930
0.809047
0.784753
0.659563
0.571749
0.429215
0.364350
0.319507
0.313901
0.323240
0.310168
0.284002
0.229821
0.179372
0.141256
0.109865
0.206278
0.421525
0.706278
0.813901
0.751121
0.600897
0.466368
0.383408
0.334081
0.334081
0.336323
0.309417
0.269058
0.215247
0.168161
0.125561
0.205527
0.538117
0.853890
0.833330
0.736177
0.580717
0.493274
0.403587
0.358744
0.373688
0.375561
0.340056
0.294283
0.242152
0.201794
0.149473
0.211132
0.536244
0.863229
0.919283
0.795964
0.689462
0.541850
0.428812
0.375561
0.372758
0.390504
0.364350
0.322870
0.262332
0.224215
0.184978
0.143498
0.218610
0.530639
0.840807
0.928251
0.829596
0.672646
0.520179
0.434417
0.405460
0.429742
0.434417
0.399103
0.355942
0.298957
0.237668
0.196188
0.188711
0.350336
0.609865
0.867713
0.910314
0.793722
0.616592
0.484305
0.428251
0.426009
0.426009
0.409193
0.360617
0.293722
0.243834
0.196188
0.204596
0.429742
0.715247
0.927691
0.937220
0.784753
0.625000
0.504484
0.441704
0.432735
0.443946
0.439092
0.400785
0.356502
0.287747
0.249439
0.304933
0.581087
0.917410
0.944507
0.788487
0.702545
0.576233
0.473094
0.437220
0.437220
0.437220
0.411996
0.356502
0.287747
0.241031
0.230942
0.369955
0.632287
0.919283
0.991031
0.890135
0.737668
0.587444
0.470852
0.430493
0.432735
0.430493
0.394619
0.338565
0.271300
0.221973
0.221973
0.403587
0.688341
0.937971
0.938901
0.822870
0.670404
0.513453
0.417040
0.374439
0.369955
0.369955
0.334081
0.289238
0.235426
0.184978
0.145740
0.310168
0.577354
0.836323
0.923767
0.822870
0.670404
0.520179
0.423767
0.392377
0.400785
0.394249
0.345661
0.265325
0.196188
0.153218
0.300818
0.627803
0.846413
0.760460
0.553061
0.392377
0.317635
0.313901
0.328845
0.325112
0.288677
0.269058
0.235426
0.213004
0.153218
0.119585
0.184978
0.358744
0.528778
0.739910
0.797836
0.706278
0.564271
0.396861
0.293722
0.269058
0.286996
0.302691
0.278027
0.226457
0.183857
0.143498
0.118834
0.246637
0.488789
0.721973
0.767937
0.655830
0.476457
0.365471
0.285874
0.274664
0.298206
0.298206
0.273543
0.226457
0.183857
0.145740
0.183857
0.378924
0.639013
0.807175
0.764204
0.599776
0.475336
0.362478
0.308296
0.311099
0.325112
0.311659
0.288677
0.246637
0.194316
0.201794
0.368083
0.652466
0.815583
0.790359
0.647982
0.518498
0.399854
0.347534
0.350336
0.358744
0.336323
0.307175
0.261581
0.201794
0.195067
0.325112
0.558296
0.773543
0.747388
0.579226
0.403587
0.334451
0.325112
0.336323
0.336323
0.315774
0.295213
0.250370
0.196188
0.181244
0.325112
0.545594
0.777276
0.766065
0.646491
0.496076
0.375561
0.313901
0.316144
0.334451
0.322309
0.291480
0.239159
0.184978
0.235426
0.498879
0.754854
0.747388
0.553061
0.373688
0.289608
0.280269
0.312298
0.325112
0.319507
0.302691
0.269058
0.246637
0.209271
0.216738
0.386771
0.639013
0.838565
0.860987
0.748879
0.582960
0.464126
0.417040
0.414798
0.426009
0.414798
0.378924
0.316144
0.266256
0.235426
0.374439
0.636771
0.874439
0.921525
0.795964
0.632287
0.497758
0.428251
0.429742
0.437220
0.428812
0.394619
0.326984
0.269058
0.244395
0.343049
0.562780
0.800448
0.885650
0.791480
0.658632
0.508217
0.426009
0.411996
0.433487
0.437220
0.412556
0.360617
0.310168
0.272791
0.246637
0.378363
0.607623
0.849776
0.905830
0.782511
0.614350
0.482063
0.426009
0.414798
0.426009
0.420404
0.378924
0.334081
0.285874
0.233554
0.241031
0.414798
0.752993
0.919283
0.837074
0.657702
0.538117
0.453240
0.437220
0.452164
0.446558
0.437220
0.401345
0.349776
0.297085
0.297085
0.448430
0.747388
0.966928
1.000000
0.852018
0.683857
0.549327
0.476457
0.477578
0.482063
0.468610
0.430493
0.377433
0.313901
0.271861
0.347534
0.622197
0.924888
0.986547
0.899664
0.751121
0.618464
0.515695
0.463374
0.468049
0.464126
0.441704
0.390135
0.327354
0.271300
0.228700
0.311659
0.540359
0.802691
0.930493
0.845291
0.686099
0.531390
0.446188
0.426009
0.432735
0.430493
0.392377
0.341928
0.278027
0.226457
0.188341
0.206278
0.405830
0.672646
0.866962
0.869955
0.719731
0.551570
0.428251
0.374439
0.376682
0.381166
0.363229
0.316144
0.255605
0.210762
0.161435
0.203666
0.403587
0.672646
0.832399
0.795964
0.647982
0.486547
0.387892
0.340807
0.347534
0.358744
0.334081
0.291480
0.250370
0.199552
0.162556
0.229821
0.484305
0.739910
0.863229
0.789238
0.644619
0.497007
0.376682
0.341928
0.345661
0.352018
0.325112
0.284002
0.233184
0.184978
0.176570
0.313901
0.549327
0.773543
0.852018
0.764574
0.601648
0.467119
0.405830
0.355011
0.352018
0.345291
0.309417
0.260090
0.213004
0.163677
0.154148
0.269058
0.539989
0.790359
0.807175
0.681614
0.510090
0.399854
0.347534
0.330717
0.336323
0.321379
0.285874
0.244395
0.192825
0.150224
0.171895
0.405460
0.732433
0.795964
0.608587
0.412926
0.317635
0.302691
0.307500
0.313901
0.308296
0.291480
0.248509
0.213004
0.190583
0.159193
0.159193
0.311659
0.526906
0.762332
0.800448
0.692825
0.538117
0.405830
0.338565
0.329596
0.336323
0.325112
0.291480
0.246637
0.201794
0.156951
0.177130
0.349776
0.632287
0.818386
0.834081
0.717489
0.573991
0.452915
0.385650
0.372197
0.381166
0.369955
0.336323
0.291480
0.246637
0.206278
0.246637
0.439462
0.688341
0.838004
0.831839
0.683857
0.515695
0.403587
0.338565
0.336323
0.341928
0.306424
0.241031
0.213004
0.165919
0.128924
0.188711
0.392377
0.687063
0.790359
0.713004
0.580157
0.448430
0.352018
0.316962
0.235426
0.199922
0.156951
0.156951
0.244765
0.414798
0.414798
0.538117
0.715886
0.790359
0.688341
0.524664
0.399103
0.334081
0.343049
0.358744
0.362478
0.334081
0.284002
0.241031
0.217489
0.599047
0.605381
0.499675
0.426009
0.397186
0.392377
0.392377
0.403587
0.396861
0.356502
0.293722
0.244395
0.199552
0.253363
0.448430
0.736177
0.846413
0.742152
0.661435
0.518901
0.437220
0.396110
0.392377
0.377433
0.343049
0.297085
0.239159
0.196188
0.179372
0.321379
0.549327
0.771670
0.821188
0.724966
0.591368
0.463374
0.397982
0.381166
0.381166
0.351267
0.293352
0.227948
0.171895
0.138262
0.297085
0.625930
0.818386
0.717489
0.530639
0.379294
0.317635
0.317635
0.334451
0.330717
0.289608
0.246637
0.235426
0.194316
0.168161
0.128924
0.103700
0.194316
0.406390
0.659563
0.749249
0.596043
0.414798
0.297085
0.285874
0.310168
0.287747
0.227948
0.201794
0.170034
0.132657
0.170034
0.269058
0.497007
0.650224
0.754854
0.717489
0.627803
0.515695
0.411065
0.358744
0.321379
0.313901
0.312029
0.294283
0.260090
0.221973
0.168161
0.137332
0.115841
0.201794
0.410314
0.679372
0.825112
0.773543
0.655830
0.535874
0.432735
0.367713
0.352018
0.353139
0.322870
0.280269
0.239159
0.188341
0.150224
0.123318
0.204036
0.421525
0.680123
0.800448
0.723094
0.618834
0.495516
0.414798
0.358744
0.356502
0.355942
0.325112
0.284753
0.242152
0.197309
0.156951
0.132287
0.156951
0.364350
0.582960
0.769809
0.751121
0.647982
0.495146
0.369955
0.311659
0.297085
0.308296
0.298957
0.257848
0.196188
0.156951
0.127052
0.104630
0.209271
0.477578
0.700673
0.767937
0.665919
0.520179
0.423206
0.340807
0.329596
0.351267
0.353139
0.326984
0.288677