0.240246
0.316561
0.499661
0.662218
0.675565
0.616016
0.535595
0.455164
0.408963
0.400411
0.374743
0.359343
0.321694
0.297741
0.256674
0.232721
0.263522
0.364476
0.515062
0.622864
0.593768
0.559548
0.497947
0.433778
0.378162
0.343943
0.318275
0.295688
0.264887
0.225873
0.189938
0.176006
0.238706
0.376458
0.503080
0.537300
0.495380
0.427105
0.369610
0.315708
0.272074
0.254620
0.238706
0.220739
0.197639
0.162218
0.128337
0.119097
0.182238
0.293634
0.420945
0.431211
0.391858
0.272074
0.158111
0.053046
0.002567
0.002567
0.002567
0.002567
0.002567
0.002567
0.002567
0.002567
0.160852
0.422659
0.458593
0.383296
0.266940
0.169405
0.071869
0.025667
0.006845
0.000000
0.000000
0.000000
0.000000
0.000000
0.000000
0.100616
0.355236
0.462012
0.400411
0.275154
0.154004
0.063655
0.008214
0.008214
0.008214
0.008214
0.008214
0.008214
0.008214
0.008214
0.125257
0.359343
0.462012
0.390144
0.264887
0.154004
0.073922
0.045175
0.046201
0.051335
0.045175
0.020534
0.020534
0.020534
0.020534
0.207392
0.451745
0.566735
0.513347
0.410678
0.297741
0.217659
0.188912
0.189938
0.195072
0.188912
0.154004
0.119097
0.080424
0.135524
0.334702
0.537988
0.609856
0.521561
0.367895
0.248973
0.160852
0.125770
0.129363
0.133470
0.106088
0.059035
0.008214
0.008214
0.121489
0.391858
0.533881
0.535595
0.408624
0.320842
0.212187
0.128337
0.102669
0.099251
0.088980
0.063313
0.020534
0.000000
0.015400
0.146304
0.355236
0.546201
0.566735
0.466119
0.353183
0.256674
0.186858
0.159138
0.154004
0.148871
0.110883
0.071869
0.034223
0.056468
0.193018
0.431211
0.603696
0.564682
0.439425
0.318275
0.239559
0.203624
0.184805
0.180698
0.164271
0.121150
0.077002
0.039356
0.078029
0.256674
0.455164
0.600616
0.552361
0.422659
0.277207
0.189938
0.174538
0.180698
0.188224
0.179671
0.140318
0.119097
0.169405
0.378162
0.513347
0.671756
0.682752
0.571530
0.420945
0.324435
0.256674
0.213552
0.205339
0.203285
0.170431
0.129363
0.094456
0.114990
0.273101
0.462012
0.630390
0.616016
0.525667
0.406571
0.322382
0.258727
0.227926
0.217659
0.205339
0.166324
0.114990
0.078029
0.160164
0.338809
0.536448
0.643398
0.583162
0.477413
0.367556
0.292608
0.240246
0.236140
0.236140
0.215606
0.174538
0.135524
0.123203
0.240246
0.451745
0.650924
0.710472
0.624230
0.518480
0.416838
0.328542
0.297741
0.302875
0.297741
0.270359
0.208758
0.181386
0.200205
0.407259
0.581797
0.740934
0.703285
0.535595
0.406571
0.318275
0.287474
0.277207
0.266940
0.239559
0.210472
0.154004
0.102669
0.133470
0.284908
0.506499
0.636550
0.591376
0.472279
0.359343
0.268994
0.209446
0.187372
0.172823
0.160164
0.128337
0.087269
0.063655
0.100103
0.301160
0.550308
0.675565
0.622177
0.505133
0.413244
0.326828
0.268994
0.256674
0.246407
0.221766
0.179671
0.118070
0.066735
0.108830
0.355924
0.602331
0.708419
0.663244
0.554415
0.441478
0.357628
0.310575
0.314168
0.340862
0.349076
0.332649
0.285760
0.252567
0.290893
0.432926
0.700205
0.860370
0.837782
0.716632
0.589322
0.494867
0.439425
0.425051
0.420945
0.404517
0.367556
0.310062
0.264887
0.287474
0.462012
0.700205
0.850441
0.821355
0.698152
0.587782
0.505133
0.449692
0.431211
0.414784
0.394251
0.340862
0.268994
0.219713
0.287474
0.480832
0.800821
0.896643
0.852156
0.739220
0.631417
0.509240
0.439425
0.420945
0.404517
0.377823
0.314168
0.248460
0.205339
0.291581
0.521561
0.776181
0.889117
0.831622
0.718686
0.610883
0.509240
0.455852
0.431211
0.419476
0.379877
0.324435
0.252567
0.195072
0.238193
0.443532
0.706365
0.870637
0.854209
0.739220
0.621150
0.515062
0.449179
0.422659
0.410678
0.390144
0.346509
0.289528
0.244353
0.250513
0.427105
0.691992
0.909651
0.936345
0.825462
0.681725
0.564682
0.484600
0.445585
0.418891
0.374743
0.315708
0.242300
0.166324
0.139630
0.266940
0.521561
0.763860
0.819302
0.716632
0.572895
0.451745
0.374743
0.338809
0.319990
0.291581
0.248460
0.180698
0.114990
0.077002
0.176253
0.441478
0.698152
0.848737
0.766602
0.616016
0.564682
0.507187
0.431211
0.394251
0.369610
0.330595
0.266940
0.195072
0.133470
0.213552
0.446612
0.689938
0.878850
0.880903
0.773439
0.641684
0.554415
0.486653
0.458593
0.429158
0.388090
0.338809
0.266940
0.207053
0.246407
0.429158
0.706365
0.919918
0.948665
0.872690
0.739220
0.626283
0.544148
0.503080
0.488706
0.459959
0.402464
0.349076
0.282341
0.246407
0.359343
0.624569
0.870637
0.885010
0.774127
0.664784
0.554415
0.457906
0.386725
0.328542
0.264887
0.195072
0.125257
0.069302
0.082136
0.281314
0.574949
0.731520
0.763860
0.671458
0.533881
0.415811
0.328542
0.282341
0.250513
0.213552
0.147156
0.082136
0.020534
0.041068
0.215606
0.459959
0.669066
0.660503
0.544148
0.436345
0.338809
0.272074
0.243840
0.225873
0.189938
0.133470
0.071869
0.019067
0.106776
0.256674
0.500144
0.623717
0.570842
0.436345
0.336242
0.261807
0.225873
0.217320
0.202772
0.176253
0.138604
0.087269
0.048768
0.133470
0.308008
0.535595
0.657084
0.600616
0.485113
0.362762
0.266940
0.213891
0.202772
0.189938
0.159138
0.111222
0.049623
0.030801
0.088980
0.279261
0.485113
0.630390
0.595483
0.482546
0.366674
0.287474
0.232721
0.215606
0.203871
0.167690
0.107803
0.077002
0.058180
0.123203
0.289528
0.529774
0.659138
0.616016
0.490760
0.369610
0.279261
0.223819
0.215606
0.199179
0.172485
0.125257
0.063655
0.024641
0.078029
0.279261
0.528747
0.641684
0.595483
0.466119
0.349076
0.258727
0.209446
0.205339
0.188912
0.162218
0.110883
0.059548
0.024641
0.067762
0.275154
0.535934
0.712526
0.694045
0.589322
0.478439
0.402464
0.355924
0.341376
0.330257
0.302875
0.256674
0.213039
0.177957
0.205339
0.375770
0.634497
0.831622
0.837782
0.716632
0.572895
0.456879
0.400411
0.379877
0.375770
0.349076
0.296027
0.227926
0.172485
0.174538
0.310062
0.561263
0.775154
0.796715
0.706704
0.574949
0.480832
0.404517
0.373717
0.349076
0.320842
0.254959
0.184805
0.130051
0.154004
0.352495
0.592916
0.764887
0.759754
0.638265
0.508214
0.408963
0.354209
0.338809
0.331109
0.301160
0.246407
0.181386
0.130903
0.143737
0.290041
0.557834
0.777721
0.828203
0.759754
0.651951
0.556982
0.494867
0.456879
0.451745
0.435318
0.404517
0.351129
0.295688
0.250513
0.323409
0.521047
0.804240
0.965092
0.940452
0.835729
0.712526
0.595483
0.516766
0.479127
0.444897
0.392197
0.333676
0.277207
0.207392
0.195072
0.316561
0.626283
0.819641
0.776869
0.698152
0.574949
0.482546
0.415811
0.367556
0.332649
0.301848
0.250513
0.179671
0.107803
0.066735
0.147844
0.354209
0.558522
0.689600
0.641684
0.542094
0.427105
0.340862
0.275154
0.244353
0.232033
0.201232
0.151951
0.086242
0.036961
0.061602
0.221766
0.420945
0.599589
0.601643
0.523614
0.414784
0.334702
0.281314
0.266940
0.266940
0.253255
0.200205
0.156057
0.104723
0.094456
0.211499
0.402464
0.638604
0.690452
0.636550
0.492813
0.390144
0.320329
0.277207
0.264887
0.236140
0.190965
0.143737
0.097536
0.051335
0.100955
0.305955
0.525667
0.607803
0.525667
0.402464
0.313142
0.232033
0.172485
0.145452
0.131417
0.102669
0.049623
0.000000
0.000000
0.033368
0.263522
0.490246
0.617731
0.582649
0.470565
0.377310
0.289189
0.243840
0.227587
0.215606
0.188224
0.141684
0.071869
0.027379
0.061602
0.258388
0.540729
0.653665
0.633131
0.541581
0.431211
0.334702
0.282341
0.258388
0.243840
0.217320
0.179671
0.123203
0.077002
0.068447
0.182238
0.414784
0.609856
0.687885
0.622864
0.515914
0.416838
0.366191
0.351643
0.363747
0.359343
0.338809
0.302875
0.249825
0.210472
0.223819
0.407259
0.671458
0.833676
0.815195
0.679333
0.564682
0.475698
0.426078
0.404517
0.400411
0.383984
0.340862
0.279261
0.217659
0.217659
0.369610
0.651951
0.844456
0.855575
0.764887
0.650924
0.544148
0.453799
0.404517
0.383984
0.357290
0.299795
0.238193
0.176591
0.156057
0.297741
0.542094
0.790554
0.872690
0.800821
0.691992
0.574949
0.488706
0.445585
0.435318
0.414784
0.376458
0.325975
0.268994
0.224158
0.308008
0.585216
0.813655
0.934292
0.896643
0.809374
0.687885
0.591376
0.531828
0.501027
0.470226
0.426078
0.378162
0.299795
0.241273
0.242300
0.381930
0.648871
0.905544
0.983573
0.909651
0.780287
0.651951
0.572895
0.519507
0.490760
0.463727
0.408624
0.337094
0.248121
0.284055
0.393563
0.639969
0.868583
0.893224
0.823070
0.695585
0.566396
0.472279
0.415811
0.385010
0.340524
0.277207
0.211499
0.128337
0.092402
0.196786
0.418378
0.659138
0.802875
0.765914
0.644764
0.494528
0.400411
0.335390
0.300308
0.268655
0.213039
0.130051
0.054757
0.020534
0.046201
0.229979
0.525329
0.743326
0.740934
0.641684
0.515062
0.417526
0.359343
0.305955
0.265226
0.220739
0.157423
0.092402
0.054757
0.065708
0.251540
0.515062
0.780287
0.841889
0.780287
0.665298
0.546201
0.448326
0.395277
0.377823
0.353183
0.301848
0.236140
0.164271
0.123203
0.193018
0.444897
0.775154
0.934292
0.936345
0.831622
0.718686
0.564682
0.492813
0.441478
0.394251
0.340862
0.263522
0.202772
0.138604
0.112936
0.249825
0.513347
0.716632
0.806982
0.747433
0.644764
0.497947
0.402977
0.351129
0.312115
0.275154
0.225873
0.154004
0.363768
0.314856
0.308008
0.277207
0.241273
0.225873
0.167207
0.112936
0.075291
0.051335
0.074435
0.236140
0.494528
0.804240
0.848737
0.718686
0.569815
0.464066
0.431211
0.419230
0.407259
0.381591
0.331109
0.258388
0.187372
0.133470
0.171971
0.377823
0.626283
0.862423
0.872690
0.776181
0.667351
0.542433
0.467146
0.432926
0.400411
0.359343
0.308008
0.244692
0.166324
0.118070
0.174538
0.369610
0.690821
0.852156
0.816222
0.713552
0.580082
0.462012
0.395277
0.349076
0.308008
0.254620
0.176591
0.102669
0.038501
0.020534
0.139630
0.400411
0.667351
0.775154
0.715267
0.585216
0.444897
0.367895
0.304589
0.270359
0.224158
0.189938
0.133470
0.071869
0.023956
0.023101
0.123203
0.357628
0.605749
0.710472
0.663244
0.548255
0.431211
0.349076
0.302875
0.282341
0.258388
0.213552
0.156057
0.094456
0.032854
0.000000
0.057495
0.275154
0.525667
0.675565
0.642710
0.528747
0.415811
0.308008
0.246407
0.203285
0.178645
0.141684
0.094456
0.032854
0.032854
0.032854
0.010267
0.176591
0.394251
0.498973
0.431211
0.328542
0.229292
0.129363
0.069815
0.051335
0.035934
0.017112
0.017112
0.017112
0.017112
0.017112
0.010267
0.203285
0.435318
0.513347
0.451745
0.359343
0.268655
0.180698
0.131417
0.112936
0.104384
0.080082
0.041068
0.017112
0.017112
0.017112
0.051335
0.277207
0.497947
0.569815
0.505647
0.395277
0.308008
0.242988
0.207053
0.215606
0.215606
0.207906
0.179671
0.136889
0.087269
0.075291
0.184805
0.484261
0.636550
0.771735
0.749487
0.616016
0.474333
0.410678
0.378409
0.359343
0.347361
0.323409
0.289528
0.229292
0.182238
0.140318
0.154004
0.289189
0.595483
0.742639
0.747772
0.640657
0.523614
0.433265
0.385010
0.361057
0.343943
0.323409
0.272074
0.213039
0.159138
0.109517
0.123203
0.297741
0.515400
0.764887
0.825462
0.754620
0.660503
0.564682
0.503080
0.462012
0.439425
0.414784
0.381591
0.328542
0.280626
0.220739
0.215606
0.352495
0.644764
0.862423
0.915472
0.847023
0.752906
0.662218
0.601643
0.554415
0.531828
0.492813
0.443532
0.397844
0.328542
0.264887
0.244353
0.369610
0.620123
0.872690
1.000000
0.973306
0.895277
0.802875
0.733060
0.687885
0.646817
0.611910
0.572895
0.503080
0.439425
0.369610
0.342916
0.462012
0.690452
0.920606
0.993326
0.925739
0.805955
0.720739
0.626283
0.560575
0.523614
0.472279
0.404517
0.349076
0.283368
0.212187
0.225873
0.404517
0.641684
0.876797
0.965092
0.909651
0.794661
0.681725
0.562628
0.494867
0.449692
0.398357
0.343943
0.268994
0.195072
0.156571
0.266940
0.487680
0.771735
0.918891
0.896643
0.770021
0.677618
0.559548
0.474846
0.424363
0.392710
0.328542
0.256674
0.176591
0.104723
0.065024
0.174538
0.463727
0.757187
0.893224
0.872690
0.780287
0.659138
0.548255
0.472279
0.415811
0.379877
0.336242
0.278922
0.217659
0.171971
0.143737
0.266940
0.497947
0.799107
0.954825
0.940452
0.804240
0.693018
0.572012
0.497947
0.466119
0.436345
0.390144
0.308008
0.236140
0.160852
0.145791
0.264374
0.496920
0.759754
0.858316
0.794661
0.665298
0.537988
0.419230
0.356776
0.316222
0.268655
0.213039
0.139630
0.054757
0.010267
0.124918
0.266940
0.509240
0.763860
0.835729
0.770021
0.650924
0.527721
0.416838
0.351129
0.305955
0.264887
0.217659
0.139630
0.067762
0.010267
0.036961
0.250513
0.518480
0.715267
0.767967
0.681725
0.558522
0.435318
0.344969
0.291581
0.260780
0.223819
0.166324
0.094456
0.022587
0.022587
0.097536
0.261807
0.540041
0.754620
0.794661
0.730667
0.616016
0.523614
0.432926
0.390144
0.363450
0.325123
0.272074
0.211499
0.130051
0.061602
0.047228
0.176591
0.435318
0.702259
0.823409
0.795688
0.691304
0.566735
0.474333
0.413244
0.374014
0.320329
0.256674
0.171602
0.082136
0.022587
0.010267
0.133470
0.404517
0.710133
0.818789
0.776181
0.661191
0.535595
0.433778
0.377823
0.336756
0.289189
0.219713
0.171971
0.095821
0.028234
0.018822
0.159138
0.431211
0.743326
0.901776
0.880390
0.784394
0.671458
0.564682
0.478439
0.429158
0.388090
0.330595
0.262834
0.197125
0.135524
0.092402
0.195072
0.501366
0.800821
0.963378
0.977413
0.638604
0.566735
0.511294
0.467146
0.448326
0.431211
0.417526
0.394251
0.363450
0.318275
0.294322
0.328542
0.420945
0.595483
0.706365
0.734086
0.687885
0.610883
0.550996
0.492813
0.466119
0.441478
0.412392
0.381930
0.336756
0.299795
0.261807
0.254107
0.338809
0.474333
0.621150
0.654517
0.624230
0.556468
0.486653
0.429158
0.400411
0.369610
0.340524
0.287474
0.239559
0.205339
0.188912
0.215606
0.323409
0.469713
0.590349
0.613450
0.577002
0.517454
0.462012
0.402464
0.363450
0.338809
0.316222
0.283368
0.254620
0.220739
0.182752
0.180698
0.278922
0.407259
0.535349
0.599589
0.562628
0.503080
0.439425
0.396304
0.372177
0.353183
0.340524
0.318275
0.287474
0.256674
0.225873
0.223306
0.309723
0.444045
0.577002
0.629702
0.593429
0.531828
0.456879
0.408111
0.386725
0.367043
0.345657
0.311427
0.265226
0.227587
0.258388
0.318275
0.444897
0.564682
0.611910
0.605749
0.550010
0.474846
0.415811
0.387577
0.371324
0.356776
0.335390
0.302875
0.260092
0.225873
0.217320
0.273788
0.444897
0.587782
0.648532
0.631417
0.579055
0.523614
0.455852
0.418891
0.396304
0.379877
0.349076
0.308008
0.266940
0.227926
0.238193
0.313142
0.475698
0.646817
0.685318
0.645103
0.569815
0.533881
0.482546
0.443532
0.418891
0.396304
0.364476
0.318275
0.279261
0.254959
0.300308
0.404517
0.544148
0.661191
0.677618
0.633984
0.557351
0.492813
0.449692
0.414784
0.396992
0.361057
0.311427
0.260092
0.225873
0.227587
0.292608
0.420945
0.540041
0.591376
0.569815
0.509240
0.437372
0.388090
0.343943
0.314856
0.289189
0.249825
0.191653
0.164271
0.157423
0.239559
0.349076
0.423881
0.513347
0.514815
0.472279
0.429158
0.381930
0.336756
0.312115
0.291581
0.271047
0.244353
0.205339
0.172823
0.143737
0.172485
0.279261
0.416838
0.503080
0.508214
0.448326
0.405544
0.352495
0.313142
0.290893
0.279774
0.256674
0.238706
0.207053
0.179671
0.164271
0.195072
0.316561
0.482546
0.576663
0.574949
0.515062
0.443532
0.388090
0.347023
0.321694
0.318275
0.301848
0.278922
0.259240
0.231006
0.207906
0.217659
0.330257
0.472279
0.585216
0.608316
0.561263
0.510780
0.465431
0.426078
0.403830
0.397844
0.383984
0.354209
0.311427
0.287474
0.260092
0.299456
0.390144
0.509928
0.610883
0.605749
0.566396
0.492813
0.434630
0.402464
0.396992
0.376458
0.359343
0.333676
0.302875
0.261807
0.246407
0.291581
0.416838
0.572895
0.669405
0.671458
0.628337
0.566735
0.511294
0.472279
0.448326
0.426078
0.404517
0.373029
0.326489
0.284538
0.266940
0.331961
0.448326
0.576663
0.672485
0.667351
0.607803
0.546201
0.497947
0.455164
0.427105
0.404517
0.383984
0.349076
0.305955
0.265226
0.241273
0.291581
0.419230
0.581109
0.633131
0.589322
0.549281
0.484600
0.439425
0.405544
0.400411
0.383984
0.353183
0.318275
0.273101
0.240246
0.219713
0.271047
0.377823
0.498973
0.556468
0.525667
0.470226
0.395277
0.343943
0.320842
0.296273
0.277207
0.256674
0.219713
0.184805
0.156057
0.156057
0.229979
0.367556
0.492813
0.527721
0.492813
0.443532
0.402464
0.377823
0.351129
0.340862
0.328542
0.301848
0.268655
0.233573
0.208758
0.238706
0.359343
0.492813
0.554415
0.559548
0.503080
0.446612
0.400411
0.367043
0.350791
0.336242
0.314856
0.292608
0.254959
0.223306
0.217320
0.272074
0.408963
0.537988
0.574949
0.547567
0.495380
0.436345
0.397844
0.367895
0.356776
0.335390
0.313142
0.281314
0.254620
0.222454
0.254959
0.403830
0.578368
0.645103
0.613963
0.550996
0.496232
0.455164
0.451745
0.429743
0.415811
0.396992
0.352495
0.328542
0.302875
0.287474
0.299456
0.349076
0.475216
0.605749
0.639969
0.616016
0.550996
0.484600
0.433265
0.400411
0.379877
0.361910
0.323409
0.292608
0.254620
0.219713
0.199179
0.234086
0.351129
0.484600
0.566735
0.558522
0.515400
0.453799
0.400411
0.357628
0.337094
0.314856
0.289189
0.254959
0.236140
0.213891
0.215606
0.280626
0.349076
0.475698
0.556982
0.558522
0.521561
0.463727
0.410678
0.374743
0.349076
0.328542
0.312115
0.281314
0.254620
0.219713
0.193018
0.174538
0.196786
0.292608
0.455164
0.562115
0.602331
0.577515
0.527033
0.479979
0.439425
0.410678
0.400411
0.395277
0.371324
0.342916
0.322382
0.295688
0.271047
0.260780
0.301848
0.422998
0.566735
0.659138
0.657084
0.609168
0.544148
0.501027
0.455164
0.425051
0.400411
0.383984
0.347023
0.316222
0.277207
0.248973
0.231006
0.256674
0.347608
0.531828
0.655370
0.663932
0.626283
0.581797
0.531314
0.487680
0.464579
0.443193
0.412392
0.373029
0.321694
0.285421
0.408111
0.677618
0.640657
0.472279
0.453460
0.414097
0.373029
0.316561
0.287474
0.254959
0.236140
0.328542
0.426078
0.588634
0.677618
0.734086
0.728953
0.687885
0.636550
0.580082
0.523614
0.488706
0.455852
0.422659
0.388090
0.343943
0.301160
0.254620
0.223306
0.231006
0.347023
0.508214
0.639969
0.698152
0.662218
0.600616
0.528747
0.480493
0.437372
0.408624
0.383984
0.344969
0.303901
0.264887
0.208758
0.174538
0.207392
0.322382
0.466119
0.564682
0.568788
0.513347
0.437372
0.386037
0.344969
0.316222
0.291581
0.260780
0.219025
0.174538
0.139630
0.112936
0.123203
0.225873
0.369610
0.517454
0.550308
0.523614
0.470226
0.418891
0.393563
0.363747
0.336756
0.310062
0.273101
0.232033
0.197125
0.164271
0.158111
0.205339
0.369610
0.521561
0.600616
0.588634
0.533881
0.472279
0.416838
0.390144
0.369610
0.347023
0.328542
0.310575
0.266940
0.225873
0.189938
0.186858
0.279261
0.439425
0.591376
0.651951
0.624230
0.558522
0.511294
0.455164
0.428645
0.410678
0.398357
0.377823
0.347023
0.309723
0.284908
0.271047
0.308008
0.443193
0.624230
0.737505
0.734086
0.687885
0.624230
0.562628
0.515400
0.489394
0.469713
0.439764
0.410678
0.366674
0.328542
0.310945
0.338809
0.435318
0.603696
0.741273
0.774127
0.726899
0.646817
0.572895
0.513347
0.474333
0.457906
0.429158
0.398357
0.351129
0.313142
0.280626
0.314168
0.417526
0.503080