0.48929792642593384
1.0
0.6638321876525879
0.6959173679351807
0.7709352374076843
0.6999906897544861
0.5922528505325317
0.380725622177124
0.31840237975120544
0.2549091875553131
0.1962634027004242
0.368142306804657
0.39952945709228516
0.39397722482681274
0.3628036379814148
0.30568650364875793
0.2916615307331085
0.3087812066078186
0.3436458706855774
0.4367244839668274
0.4844938814640045
0.5215559601783752
0.4871605634689331
0.42665836215019226
0.4134584367275238
0.2957831919193268
0.24610503017902374
0.17593836784362793
0.16623207926750183
0.2409730851650238
0.26279228925704956
0.5352272987365723
0.6321417689323425
0.5769393444061279
0.4557800590991974
0.26194536685943604
0.22158709168434143
0.22733214497566223
0.2495671808719635
0.4639846086502075
0.5378422737121582
0.6205501556396484
0.6103007197380066
0.5700225830078125
0.5654957890510559
0.3984150290489197
0.308733195066452
0.16296601295471191
0.14315111935138702
0.16251930594444275
0.15366512537002563
0.45629000663757324
0.5554940104484558
0.591728925704956
0.5140194296836853
0.39931708574295044
0.381529837846756
0.2966609001159668
0.3221995234489441
0.34924983978271484
0.4014289081096649
0.4408856928348541
0.3404980003833771
0.4616332948207855
0.5220326781272888
0.5000579953193665
0.4350929260253906
0.3638817369937897
0.3493805527687073
0.39435476064682007
0.44367924332618713
0.5397025346755981
0.5611599683761597
0.5592256784439087
0.5195874571800232
0.4699139893054962
0.4630395472049713
0.40309977531433105
0.34598854184150696
0.3009505569934845
0.31160449981689453
0.2944944202899933
0.2903212904930115
0.32519426941871643
0.34806370735168457
0.31721317768096924
0.2451929897069931
0.244789257645607
0.26952558755874634
0.3503379225730896
0.36858105659484863
0.4825030267238617
0.5395560264587402
0.5716882944107056
0.5379581451416016
0.4762335419654846
0.4725015163421631
0.41630762815475464
0.3626847267150879
0.29716527462005615
0.2849571704864502
0.24135223031044006
0.23004229366779327
0.2566364109516144
0.25566330552101135
0.33422616124153137
0.39989712834358215
0.5597582459449768
0.6224250197410583
0.651018500328064
0.6040682792663574
0.5289921164512634
0.5072470307350159
0.389638751745224
0.30984950065612793
0.22098620235919952
0.20135082304477692
0.20920519530773163
0.23038390278816223
0.42560094594955444
0.502311110496521
0.5765774250030518
0.559224545955658
0.49869364500045776
0.48683226108551025
0.34718558192253113
0.28325018286705017
0.21370390057563782
0.20876726508140564
0.19911064207553864
0.13780590891838074
0.3090567886829376
0.39205342531204224
0.48651114106178284
0.479168176651001
0.5045044422149658
0.5298321843147278
0.48040395975112915
0.4367792308330536
0.3424288332462311
0.33756518363952637
0.3127848207950592
0.2621491849422455
0.3064418137073517
0.30732375383377075
0.3351738154888153
0.3558618724346161
0.402679979801178
0.4326641261577606
0.48626238107681274
0.49845924973487854
0.49901726841926575
0.5144648551940918
0.4823598563671112
0.42891642451286316
0.3495854437351227
0.3224063813686371
0.26347023248672485
0.23523983359336853
0.2362331748008728
0.23477938771247864
0.25811767578125
0.2892715036869049
0.3858035206794739
0.43256041407585144
0.5375996232032776
0.5767104029655457
0.5964837074279785
0.6154586672782898
0.5344794392585754
0.41818395256996155
0.25729790329933167
0.2206478863954544
0.1602693647146225
0.1503089964389801
0.22332702577114105
0.24535994231700897
0.36883974075317383
0.46159759163856506
0.6153563857078552
0.6647800207138062
0.641994833946228
0.5526365637779236
0.41313454508781433
0.3789593577384949
0.2458784431219101
0.22707273066043854
0.22601179778575897
0.24156968295574188
0.25618934631347656
0.20066578686237335
0.291348934173584
0.32889243960380554
0.4076308012008667
0.41577979922294617
0.41456252336502075
0.4430598318576813
0.4215643107891083
0.37107592821121216
0.3274129033088684
0.33310264348983765
0.3639342486858368
0.3793833553791046
0.44735056161880493
0.4627293348312378
0.43901383876800537
0.41301968693733215
0.351419597864151
0.3424648642539978
0.3640393614768982
0.3790212571620941
0.46882864832878113
0.4938274919986725
0.4538392126560211
0.40355387330055237
0.31094053387641907
0.2907969653606415
0.2995980978012085
0.3142045736312866
0.41683274507522583
0.45407745242118835
0.466884046792984
0.4380464255809784
0.3783506751060486
0.3759993314743042
0.3186282813549042
0.28760743141174316
0.30039459466934204
0.3096776008605957
0.3063565492630005
0.2690037488937378
0.29819852113723755
0.30285465717315674
0.3677399456501007
0.4090932607650757
0.4862208962440491
0.5341358184814453
0.5605133175849915
0.5324693918228149
0.4763513505458832
0.4673424959182739
0.4358130991458893
0.40837356448173523
0.382597953081131
0.368567556142807
0.3157119154930115
0.2948552668094635
0.2851408123970032
0.3047586977481842
0.34140244126319885
0.3570721447467804
0.4474914073944092
0.4781176447868347
0.5087026953697205
0.5247963666915894
0.5089357495307922
0.5184578895568848
0.4590631425380707
0.3234518766403198
0.3356430232524872
0.38080817461013794
0.35198497772216797
0.2929821014404297
0.2708602845668793
0.27116498351097107
0.3178325295448303
0.3496364653110504
0.4512612819671631
0.4802016317844391
0.41223856806755066
0.31120362877845764
0.29336610436439514
0.3383209705352783
0.35124748945236206
0.319827139377594
0.3397374749183655
0.3394790589809418
0.41498956084251404
0.4785115718841553
0.6336380839347839
0.696837842464447
0.6165273785591125
0.49377498030662537
0.32296568155288696
0.3203739523887634
0.21509601175785065
0.09381205588579178
0.12906360626220703
0.14002910256385803
0.2781273424625397
0.35381972789764404
0.5255715847015381
0.5680195093154907
0.5523186922073364
0.47671830654144287
0.40731820464134216
0.42939722537994385
0.4347108006477356
0.413581520318985
0.4412587881088257
0.44167906045913696
0.3510247766971588
0.30502235889434814
0.3385196328163147
0.4108627438545227
0.5096007585525513
0.4282072186470032
0.46925652027130127
0.47598591446876526
0.41517549753189087
0.33544474840164185
0.2793433368206024
0.33834075927734375
0.39764001965522766
0.3214058578014374
0.4700850546360016
0.5166775584220886
0.46968919038772583
0.4034994840621948
0.27166345715522766
0.2486991584300995
0.25460052490234375
0.27125564217567444
0.39962443709373474
0.4306083619594574
0.4416980743408203
0.4202565848827362
0.42148053646087646
0.4447825849056244
0.44129621982574463
0.4285716712474823
0.4053334593772888
0.40340036153793335
0.40607717633247375
0.3982433080673218
0.40012413263320923
0.404270201921463
0.33453992009162903
0.23242484033107758
0.23974820971488953
0.2895497679710388
0.33105042576789856
0.3171442151069641
0.35207122564315796
0.3767740726470947
0.3775053024291992
0.34815335273742676
0.3790844976902008
0.4282088577747345
0.49249792098999023
0.4663991630077362
0.47493764758110046
0.47518190741539
0.39922675490379333
0.338625431060791
0.2835896611213684
0.2993682622909546
0.27905216813087463
0.22093255817890167
0.2634788751602173
0.2842503786087036
0.28016847372055054
0.2613486647605896
0.2508900761604309
0.24981281161308289
0.21086125075817108
0.18555840849876404
0.1933954656124115
0.2115088701248169
0.26314249634742737
0.2581634819507599
0.32682761549949646
0.3600477874279022
0.4120945930480957
0.4182286560535431
0.42230746150016785
0.45431092381477356
0.4665951132774353
0.44155699014663696
0.4554138481616974
0.4695304334163666
0.5199214816093445
0.5475028157234192
0.6103135943412781
0.617579996585846
0.48454806208610535
0.3650355637073517
0.19920343160629272
0.17557355761528015
0.12775015830993652
0.07700997591018677
0.1630844920873642
0.17252373695373535
0.22505535185337067
0.2355836033821106
0.30534568428993225
0.34280234575271606
0.36948680877685547
0.3797474801540375
0.3702256679534912
0.399076908826828
0.4081140160560608
0.3748251795768738
0.39253056049346924
0.4003053605556488
0.349814236164093
0.29486674070358276
0.24226756393909454
0.22238130867481232
0.18437449634075165
0.18477442860603333
0.19556230306625366
0.18967489898204803
0.22557204961776733
0.2619950771331787
0.3867262005805969
0.4359115958213806
0.4516123831272125
0.41571536660194397
0.3659290671348572
0.3708385229110718
0.35880976915359497
0.3257908821105957
0.380183607339859
0.42439791560173035
0.469901978969574
0.48146456480026245
0.4957335293292999
0.5155208706855774
0.495294988155365
0.43671169877052307
0.365671306848526
0.3318019509315491
0.2523469924926758
0.23276333510875702
0.2575199007987976
0.285871297121048
0.36938512325286865
0.3956661522388458
0.5273922085762024
0.5778952240943909
0.5230331420898438
0.45627886056900024
0.32627904415130615
0.3095437288284302
0.2674099802970886
0.21285219490528107
0.2417435199022293
0.23614823818206787
0.2840030789375305
0.32394611835479736
0.4614885449409485
0.5514499545097351
0.6906595826148987
0.7176708579063416
0.717675507068634
0.7296968102455139
0.6298267245292664
0.4940395951271057
0.32135382294654846
0.3139389455318451
0.2958378195762634
0.27217772603034973
0.3781791925430298
0.39474883675575256
0.37795478105545044
0.33678895235061646
0.33518755435943604
0.36960363388061523
0.39324089884757996
0.37363338470458984
0.4514196813106537
0.474314421415329
0.37415048480033875
0.2861804962158203
0.17003093659877777
0.15688475966453552
0.13163772225379944
0.1008593887090683
0.17845481634140015
0.18908798694610596
0.32340192794799805
0.424572616815567
0.6166794896125793
0.7164027690887451
0.7220487594604492
0.6135551333427429
0.42802155017852783
0.3784990906715393
0.2168613076210022
0.15143688023090363
0.09987009316682816
0.11051321774721146
0.09290430694818497
0.04193894565105438
0.14685387909412384
0.20242275297641754
0.0
0.40698835253715515
0.34504926204681396
