0.5724347829818726
1.0
0.5643380284309387
0.48666274547576904
0.48830971121788025
0.4923533499240875
0.5070533156394958
0.5409006476402283
0.5369502305984497
0.5529781579971313
0.5697195529937744
0.6130995750427246
0.6164506673812866
0.5795060992240906
0.5459524989128113
0.48294806480407715
0.46750208735466003
0.443870484828949
0.42710059881210327
0.449819952249527
0.4511651396751404
0.4341282248497009
0.41966837644577026
0.4122107923030853
0.4166429042816162
0.4768182933330536
0.5034709572792053
0.5747557282447815
0.5978622436523438
0.5414898991584778
0.4570150673389435
0.3331022560596466
0.30912142992019653
0.2855808138847351
0.2647436857223511
0.32971110939979553
0.3421456515789032
0.34255847334861755
0.34643280506134033
0.38258451223373413
0.42345088720321655
0.5349043607711792
0.5940721035003662
0.708959698677063
0.7571345567703247
0.7392404079437256
0.667498767375946
0.564464271068573
0.5492523312568665
0.46382999420166016
0.3641515076160431
0.3133414387702942
0.2984008193016052
0.2772403359413147
0.26482030749320984
0.3249720633029938
0.34877100586891174
0.4091123938560486
0.4236558675765991
0.5098305344581604
0.5497660040855408
0.5630084276199341
0.5333415865898132
0.46459683775901794
0.46144717931747437
0.4491942822933197
0.43419912457466125
0.4340294897556305
0.42800089716911316
0.43874385952949524
0.46588343381881714
0.5045478343963623
0.5267969369888306
0.5777574181556702
0.5907132029533386
0.6365571618080139
0.6459236741065979
0.586393415927887
0.5245336294174194
0.4308272898197174
0.4134973883628845
0.3716171681880951
0.3417067527770996
0.35162633657455444
0.34109485149383545
0.3280813992023468
0.3245420753955841
0.36827582120895386
0.3881106376647949
0.4615561366081238
0.505692183971405
0.5748324394226074
0.6035178303718567
0.6119074821472168
0.5871539115905762
0.5315099954605103
0.5227344632148743
0.46192237734794617
0.41277801990509033
0.3393368124961853
0.29680606722831726
0.23815207183361053
0.234117329120636
0.28000298142433167
0.30259835720062256
0.42883825302124023
0.5287328362464905
0.71802818775177
0.7825853824615479
0.7773329615592957
0.6922581195831299
0.5560349225997925
0.5221095085144043
0.4144108295440674
0.3175368309020996
0.26247984170913696
0.24115042388439178
0.22397997975349426
0.2147328108549118
0.3118192255496979
0.3570386469364166
0.4928731322288513
0.5631532073020935
0.6686726808547974
0.7332659363746643
0.7810608148574829
0.7495233416557312
0.6867278814315796
0.6800804734230042
0.566743016242981
0.4593985378742218
0.32151782512664795
0.2899233102798462
0.24778608977794647
0.21519498527050018
0.2877712547779083
0.30092382431030273
0.36791861057281494
0.3863009214401245
0.5320422649383545
0.6242052316665649
0.6756009459495544
0.6365858912467957
0.5420582890510559
0.528694748878479
0.5047915577888489
0.49195703864097595
0.49162453413009644
0.48599323630332947
0.506410539150238
0.5338268876075745
0.5896672010421753
0.6187687516212463
0.5549327731132507
0.4577728509902954
0.3303811252117157
0.30294978618621826
0.22792519629001617
0.19794395565986633
0.20705926418304443
0.1985144466161728
0.28217968344688416
0.3613860309123993
0.5899088382720947
0.6843115091323853
0.7478019595146179
0.7183837294578552
0.6474003791809082
0.6328125596046448
0.55067378282547
0.4893582761287689
0.4039631485939026
0.3699001967906952
0.3320408761501312
0.31296828389167786
0.3651764988899231
0.37112030386924744
0.43022602796554565
0.48486652970314026
0.5632250308990479
0.6102535128593445
0.6651661396026611
0.6501580476760864
0.6066852807998657
0.5854212641716003
0.48372262716293335
0.46914008259773254
0.3821966052055359
0.3399331569671631
0.2806294560432434
0.24029003083705902
0.35278937220573425
0.4196358323097229
0.49176761507987976
0.47002846002578735
0.5636044144630432
0.6081206202507019
0.6534628868103027
0.6504691243171692
0.6350440382957458
0.6561452746391296
0.6604888439178467
0.6246333718299866
0.5863417387008667
0.5546566247940063
0.42329394817352295
0.3603615462779999
0.3002966642379761
0.308034747838974
0.28264757990837097
0.2106526643037796
0.2525409460067749
0.27508774399757385
0.3426486849784851
0.40119436383247375
0.43082642555236816
0.4566836655139923
0.5882400274276733
0.6882506012916565
0.8322702050209045
0.8682472109794617
0.7646424770355225
0.6246054172515869
0.42027416825294495
0.35783621668815613
0.23871037364006042
0.17681460082530975
0.19280822575092316
0.20346111059188843
0.27541878819465637
0.28409063816070557
0.5443407297134399
0.6894160509109497
0.7776159048080444
0.7235360741615295
0.6180641651153564
0.5967170596122742
0.5133262872695923
0.45969468355178833
0.40178292989730835
0.38649463653564453
0.37996312975883484
0.3757193088531494
0.44278961420059204
0.4513991177082062
0.44473639130592346
0.43682119250297546
0.42958325147628784
0.43823322653770447
0.5128707885742188
0.5743781328201294
0.6758987903594971
0.7204907536506653
0.7336845397949219
0.6824343204498291
0.5937347412109375
0.5615370273590088
0.4014543294906616
0.31664830446243286
0.21229521930217743
0.19163738191127777
0.19902797043323517
0.1788325160741806
0.3979000747203827
0.5031967163085938
0.6223276853561401
0.6186560392379761
0.570776104927063
0.571411669254303
0.5317487716674805
0.4965124726295471
0.47366857528686523
0.4741850793361664
0.45693084597587585
0.446848601102829
0.4753585755825043
0.47496166825294495
0.42734840512275696
0.36049962043762207
0.3492933511734009
0.3579767048358917
0.3959696888923645
0.40973928570747375
0.4757394790649414
0.5015665888786316
0.47972795367240906
0.4417595863342285
0.36642804741859436
0.3445642590522766
0.31450068950653076
0.2995113432407379
0.3300158381462097
0.3373648226261139
0.3608343303203583
0.3745420575141907
0.4206327497959137
0.45366063714027405
0.5226668119430542
0.5528025031089783
0.5800081491470337
0.5967664122581482
0.5956513285636902
0.5735673308372498
0.5285942554473877
0.519632875919342
0.46845299005508423
0.4256499707698822
0.381537526845932
0.356359601020813
0.31050172448158264
0.3123232126235962
0.3552549481391907
0.39050373435020447
0.47773197293281555
0.4927203953266144
0.5883223414421082
0.6285810470581055
0.6252129077911377
0.5829991102218628
0.5129440426826477
0.5065127015113831
0.4571628272533417
0.41928553581237793
0.4382040798664093
0.44534188508987427
0.42350146174430847
0.36114391684532166
0.413208544254303
0.44763079285621643
0.4999317228794098
0.5111799240112305
0.5345605611801147
0.5431965589523315
0.5463259816169739
0.5482139587402344
0.5394949316978455
0.5554041862487793
0.5755677819252014
0.5652549862861633
0.5542321801185608
0.5439825057983398
0.44092676043510437
0.3757961094379425
0.29054170846939087
0.2701396644115448
0.3298780918121338
0.39038315415382385
0.6460901498794556
0.7283858060836792
0.7113419771194458
0.6020709276199341
0.419220507144928
0.37250155210494995
0.29202914237976074
0.2623239755630493
0.2724516987800598
0.2705187499523163
0.353721559047699
0.42895326018333435
0.6273484230041504
0.7088420391082764
0.7805557250976562
0.7629207372665405
0.6997336149215698
0.6871881484985352
0.6234601736068726
0.571146547794342
0.4950019121170044
0.4679430425167084
0.40407276153564453
0.36084040999412537
0.38218581676483154
0.38912340998649597
0.40238550305366516
0.38317614793777466
0.45884889364242554
0.486582487821579
0.48119425773620605
0.46244877576828003
0.4106401801109314
0.4039795696735382
0.41440796852111816
0.42835912108421326
0.4921538531780243
0.5185039043426514
0.5062451362609863
0.4743885099887848
0.41424626111984253
0.4036889970302582
0.40428274869918823
0.40917038917541504
0.4836444854736328
0.5170674920082092
0.5759425759315491
0.590000569820404
0.5911373496055603
0.5965553522109985
0.5339926481246948
0.47382649779319763
0.38298264145851135
0.35492414236068726
0.3167169988155365
0.31050026416778564
0.3787248134613037
0.3975922465324402
0.391812264919281
0.36267685890197754
0.4053659737110138
0.4292379319667816
0.4688754677772522
0.4815923869609833
0.5288018584251404
0.5599827766418457
0.5824507474899292
0.5579047203063965
0.5223972201347351
0.5118426084518433
0.436546266078949
0.37777602672576904
0.3259413242340088
0.3142697215080261
0.3720889687538147
0.43453311920166016
0.5996857285499573
0.6589987874031067
0.7224347591400146
0.7112061977386475
0.6562920212745667
0.6375713348388672
0.5240846872329712
0.4719003140926361
0.36240819096565247
0.32324227690696716
0.2775382697582245
0.2538347542285919
0.35778242349624634
0.40076276659965515
0.4586126506328583
0.44111010432243347
0.5397621393203735
0.6016486287117004
0.6492066979408264
0.6361865401268005
0.5825328826904297
0.5822275876998901
0.5586806535720825
0.5315483808517456
0.4996764659881592
0.47922495007514954
0.3914673626422882
0.3489956557750702
0.29211318492889404
0.27562788128852844
0.2944585084915161
0.3132680356502533
0.47568848729133606
0.533477246761322
0.5954607725143433
0.5989255905151367
0.5637972354888916
0.5709763765335083
0.5807831287384033
0.5794722437858582
0.5716621279716492
0.5750442147254944
0.5282424092292786
0.46998944878578186
0.39677825570106506
0.36144524812698364
0.307024210691452
0.2960100769996643
0.3107506334781647
0.31469523906707764
0.3894816040992737
0.45262810587882996
0.5970476865768433
0.659127414226532
0.6996522545814514
0.6711379885673523
0.6048799753189087
0.5934886336326599
0.5247873067855835
0.4752214550971985
0.40900206565856934
0.38676849007606506
0.38489198684692383
0.40178826451301575
0.48911699652671814
0.5204948782920837
0.47742149233818054
0.38893991708755493
0.2954871654510498
0.2852768003940582
0.20619000494480133
0.2104164958000183
0.18003085255622864
0.16288037598133087
0.0
0.3818621337413788
0.36804309487342834
